8.03225 -1.21979e-012 
0.000396151 -1.21979e-012 
0.0392971 -1.21979e-012 
4.19626e-005 -1.21979e-012 
10.3406 -1.21979e-012 
0.0993831 -1.21979e-012 
5.75715 -1.21979e-012 
9.53675e-007 -1.21979e-012 
0.00254424 -1.21979e-012 
8.579 -1.21979e-012 
14.3202 -1.21979e-012 
0.00122604 -1.21979e-012 
12.0355 -1.21979e-012 
0.323094 -1.21979e-012 
10.7672 -1.21979e-012 
0.00164029 -1.21979e-012 
8.73885 -1.21979e-012 
3.33521 -1.21979e-012 
0.440714 -1.21979e-012 
0.890746 -1.21979e-012 
4.90901 -1.21979e-012 
8.20194e-005 -1.21979e-012 
0.00580257 -1.21979e-012 
11.8166 -1.21979e-012 
9.70245 -1.21979e-012 
13.4988 -1.21979e-012 
0.646968 -1.21979e-012 
2.95545 -1.21979e-012 
0.000174955 -1.21979e-012 
0.00273046 -1.21979e-012 
3.57629e-006 -1.21979e-012 
0 -1.21979e-012 
0 -1.21979e-012 
5.64575 -1.21979e-012 
17.1774 -1.21979e-012 
0.240328 -1.21979e-012 
6.36656 -1.21979e-012 
19.6887 -1.21979e-012 
9.4585 -1.21979e-012 
6.77866 -1.21979e-012 
0.000117905 -1.21979e-012 
2.53216 -1.21979e-012 
0.00220518 -1.21979e-012 
8.04305 -1.21979e-012 
9.29394 -1.21979e-012 
0.00201739 -1.21979e-012 
0.485647 -1.21979e-012 
0 -1.21979e-012 
0.000507364 -1.21979e-012 
0.0147858 -1.21979e-012 
1.26589 -1.21979e-012 
0.0113943 -1.21979e-012 
6.74409 -1.21979e-012 
16.0307 -1.21979e-012 
0 -1.21979e-012 
6.08023 -1.21979e-012 
0.21624 -1.21979e-012 
0.609324 -1.21979e-012 
0.0137556 -1.21979e-012 
0.468112 -1.21979e-012 
0.0574562 -1.21979e-012 
1.09833 -1.21979e-012 
16.9551 -1.21979e-012 
7.87303 -1.21979e-012 
8.71497 -1.21979e-012 
0 -1.21979e-012 
13.0551 -1.21979e-012 
0 -1.21979e-012 
0.960469 -1.21979e-012 
0.0323137 -1.21979e-012 
27.028 -1.21979e-012 
15.2713 -1.21979e-012 
10.6586 -1.21979e-012 
0.224767 -1.21979e-012 
5.66583 -1.21979e-012 
2.10217 -1.21979e-012 
0.0454112 -1.21979e-012 
1.60815 -1.21979e-012 
7.34194 -1.21979e-012 
0.189 -1.21979e-012 
0.89674 -1.21979e-012 
1.54973e-005 -1.21979e-012 
18.4496 -1.21979e-012 
0.0114199 -1.21979e-012 
11.9162 -1.21979e-012 
13.9604 -1.21979e-012 
15.8685 -1.21979e-012 
18.3493 -1.21979e-012 
0 -1.21979e-012 
0.00292813 -1.21979e-012 
0.294725 -1.21979e-012 
0.0892106 -1.21979e-012 
0.000246376 -1.21979e-012 
0.000461566 -1.21979e-012 
13.9224 -1.21979e-012 
10.4531 -1.21979e-012 
0.000711456 -1.21979e-012 
0.0453169 -1.21979e-012 
11.189 -1.21979e-012 
9.53675e-007 -1.21979e-012 
0.0330477 -1.21979e-012 
40.954 -1.21979e-012 
